  1   0   0   0   0   0   0   0   0   0   0   0   0   0   0   0   0   0   0   0
  0   1   0   0   0   0   0   0   0   0   0   0   0   0   0   0   0   0   0   0
  0   0   1   0   0   0   0   0   0   0   0   0   0   0   0   0   0   0   0   0
983 914 968 980 923 991 939 952 954 987 970 905 904 985 999 976 978 980 969 983
  0   0   0   0   1   0   0   0   0   0   0   0   0   0   0   0   0   0   0   0
  0   0   0   0   0   1   0   0   0   0   0   0   0   0   0   0   0   0   0   0
  0   0   0   0   0   0   1   0   0   0   0   0   0   0   0   0   0   0   0   0
  0   0   0   0   0   0   0   1   0   0   0   0   0   0   0   0   0   0   0   0
  0   0   0   0   0   0   0   0   1   0   0   0   0   0   0   0   0   0   0   0
  0   0   0   0   0   0   0   0   0   1   0   0   0   0   0   0   0   0   0   0
  0   0   0   0   0   0   0   0   0   0   1   0   0   0   0   0   0   0   0   0
  0   0   0   0   0   0   0   0   0   0   0   1   0   0   0   0   0   0   0   0
  0   0   0   0   0   0   0   0   0   0   0   0   1   0   0   0   0   0   0   0
  0   0   0   0   0   0   0   0   0   0   0   0   0   1   0   0   0   0   0   0
  0   0   0   0   0   0   0   0   0   0   0   0   0   0   1   0   0   0   0   0
  0   0   0   0   0   0   0   0   0   0   0   0   0   0   0   1   0   0   0   0
  0   0   0   0   0   0   0   0   0   0   0   0   0   0   0   0   1   0   0   0
  0   0   0   0   0   0   0   0   0   0   0   0   0   0   0   0   0   1   0   0
  0   0   0   0   0   0   0   0   0   0   0   0   0   0   0   0   0   0   1   0
  0   0   0   0   0   0   0   0   0   0   0   0   0   0   0   0   0   0   0   1
