  1   0   0   0   0   0   0   0   0   0   0   0   0   0   0   0   0   0   0   0
  0   1   0   0   0   0   0   0   0   0   0   0   0   0   0   0   0   0   0   0
  0   0   1   0   0   0   0   0   0   0   0   0   0   0   0   0   0   0   0   0
986 983 943 945 975 931 965 928 977 974 940 966 923 972 911 994 927 917 968 983
  0   0   0   0   1   0   0   0   0   0   0   0   0   0   0   0   0   0   0   0
  0   0   0   0   0   1   0   0   0   0   0   0   0   0   0   0   0   0   0   0
  0   0   0   0   0   0   1   0   0   0   0   0   0   0   0   0   0   0   0   0
  0   0   0   0   0   0   0   1   0   0   0   0   0   0   0   0   0   0   0   0
  0   0   0   0   0   0   0   0   1   0   0   0   0   0   0   0   0   0   0   0
  0   0   0   0   0   0   0   0   0   1   0   0   0   0   0   0   0   0   0   0
  0   0   0   0   0   0   0   0   0   0   1   0   0   0   0   0   0   0   0   0
  0   0   0   0   0   0   0   0   0   0   0   1   0   0   0   0   0   0   0   0
  0   0   0   0   0   0   0   0   0   0   0   0   1   0   0   0   0   0   0   0
  0   0   0   0   0   0   0   0   0   0   0   0   0   1   0   0   0   0   0   0
  0   0   0   0   0   0   0   0   0   0   0   0   0   0   1   0   0   0   0   0
  0   0   0   0   0   0   0   0   0   0   0   0   0   0   0   1   0   0   0   0
  0   0   0   0   0   0   0   0   0   0   0   0   0   0   0   0   1   0   0   0
  0   0   0   0   0   0   0   0   0   0   0   0   0   0   0   0   0   1   0   0
  0   0   0   0   0   0   0   0   0   0   0   0   0   0   0   0   0   0   1   0
  0   0   0   0   0   0   0   0   0   0   0   0   0   0   0   0   0   0   0   1
