  1   0   0   0   0   0   0   0   0   0   0   0   0   0   0   0   0   0   0   0
  0   1   0   0   0   0   0   0   0   0   0   0   0   0   0   0   0   0   0   0
  0   0   1   0   0   0   0   0   0   0   0   0   0   0   0   0   0   0   0   0
974 969 949 989 917 920 940 952 960 955 983 938 958 990 985 915 932 997 905 940
  0   0   0   0   1   0   0   0   0   0   0   0   0   0   0   0   0   0   0   0
  0   0   0   0   0   1   0   0   0   0   0   0   0   0   0   0   0   0   0   0
  0   0   0   0   0   0   1   0   0   0   0   0   0   0   0   0   0   0   0   0
  0   0   0   0   0   0   0   1   0   0   0   0   0   0   0   0   0   0   0   0
  0   0   0   0   0   0   0   0   1   0   0   0   0   0   0   0   0   0   0   0
  0   0   0   0   0   0   0   0   0   1   0   0   0   0   0   0   0   0   0   0
  0   0   0   0   0   0   0   0   0   0   1   0   0   0   0   0   0   0   0   0
  0   0   0   0   0   0   0   0   0   0   0   1   0   0   0   0   0   0   0   0
  0   0   0   0   0   0   0   0   0   0   0   0   1   0   0   0   0   0   0   0
  0   0   0   0   0   0   0   0   0   0   0   0   0   1   0   0   0   0   0   0
  0   0   0   0   0   0   0   0   0   0   0   0   0   0   1   0   0   0   0   0
  0   0   0   0   0   0   0   0   0   0   0   0   0   0   0   1   0   0   0   0
  0   0   0   0   0   0   0   0   0   0   0   0   0   0   0   0   1   0   0   0
  0   0   0   0   0   0   0   0   0   0   0   0   0   0   0   0   0   1   0   0
  0   0   0   0   0   0   0   0   0   0   0   0   0   0   0   0   0   0   1   0
  0   0   0   0   0   0   0   0   0   0   0   0   0   0   0   0   0   0   0   1
