  1   0   0   0   0   0   0   0   0   0   0   0   0   0   0   0   0   0   0   0
  0   1   0   0   0   0   0   0   0   0   0   0   0   0   0   0   0   0   0   0
  0   0   1   0   0   0   0   0   0   0   0   0   0   0   0   0   0   0   0   0
937 985 912 937 938 979 957 916 965 977 916 973 969 911 939 942 954 930 924 930
  0   0   0   0   1   0   0   0   0   0   0   0   0   0   0   0   0   0   0   0
  0   0   0   0   0   1   0   0   0   0   0   0   0   0   0   0   0   0   0   0
  0   0   0   0   0   0   1   0   0   0   0   0   0   0   0   0   0   0   0   0
  0   0   0   0   0   0   0   1   0   0   0   0   0   0   0   0   0   0   0   0
  0   0   0   0   0   0   0   0   1   0   0   0   0   0   0   0   0   0   0   0
  0   0   0   0   0   0   0   0   0   1   0   0   0   0   0   0   0   0   0   0
  0   0   0   0   0   0   0   0   0   0   1   0   0   0   0   0   0   0   0   0
  0   0   0   0   0   0   0   0   0   0   0   1   0   0   0   0   0   0   0   0
  0   0   0   0   0   0   0   0   0   0   0   0   1   0   0   0   0   0   0   0
  0   0   0   0   0   0   0   0   0   0   0   0   0   1   0   0   0   0   0   0
  0   0   0   0   0   0   0   0   0   0   0   0   0   0   1   0   0   0   0   0
  0   0   0   0   0   0   0   0   0   0   0   0   0   0   0   1   0   0   0   0
  0   0   0   0   0   0   0   0   0   0   0   0   0   0   0   0   1   0   0   0
  0   0   0   0   0   0   0   0   0   0   0   0   0   0   0   0   0   1   0   0
  0   0   0   0   0   0   0   0   0   0   0   0   0   0   0   0   0   0   1   0
  0   0   0   0   0   0   0   0   0   0   0   0   0   0   0   0   0   0   0   1
