  1   0   0   0   0   0   0   0   0   0   0   0   0   0   0   0   0   0   0   0
  0   1   0   0   0   0   0   0   0   0   0   0   0   0   0   0   0   0   0   0
  0   0   1   0   0   0   0   0   0   0   0   0   0   0   0   0   0   0   0   0
977 933 958 900 903 959 938 974 968 909 946 963 902 999 987 930 903 976 998 983
  0   0   0   0   1   0   0   0   0   0   0   0   0   0   0   0   0   0   0   0
  0   0   0   0   0   1   0   0   0   0   0   0   0   0   0   0   0   0   0   0
  0   0   0   0   0   0   1   0   0   0   0   0   0   0   0   0   0   0   0   0
  0   0   0   0   0   0   0   1   0   0   0   0   0   0   0   0   0   0   0   0
  0   0   0   0   0   0   0   0   1   0   0   0   0   0   0   0   0   0   0   0
  0   0   0   0   0   0   0   0   0   1   0   0   0   0   0   0   0   0   0   0
  0   0   0   0   0   0   0   0   0   0   1   0   0   0   0   0   0   0   0   0
  0   0   0   0   0   0   0   0   0   0   0   1   0   0   0   0   0   0   0   0
  0   0   0   0   0   0   0   0   0   0   0   0   1   0   0   0   0   0   0   0
  0   0   0   0   0   0   0   0   0   0   0   0   0   1   0   0   0   0   0   0
  0   0   0   0   0   0   0   0   0   0   0   0   0   0   1   0   0   0   0   0
  0   0   0   0   0   0   0   0   0   0   0   0   0   0   0   1   0   0   0   0
  0   0   0   0   0   0   0   0   0   0   0   0   0   0   0   0   1   0   0   0
  0   0   0   0   0   0   0   0   0   0   0   0   0   0   0   0   0   1   0   0
  0   0   0   0   0   0   0   0   0   0   0   0   0   0   0   0   0   0   1   0
  0   0   0   0   0   0   0   0   0   0   0   0   0   0   0   0   0   0   0   1
